0000000000000101
1110110000010000
0000000000000011
1110010011010000
0000000000001000
1110001100000001
0000000000001100
1110101010000111
0000000000000001
1110110000010000
0000000000000000
1110001100001000
0000000000000100
1110110000010000
0000000000000100
1110010011010000
0000000000010100
1110001100000010
0000000000011000
1110101010000111
0000000000000001
1110110000010000
0000000000000001
1110001100001000
0000000000000110
1110110000010000
0000000000000100
1110010011010000
0000000000100000
1110001100000011
0000000000100100
1110101010000111
0000000000000001
1110110000010000
0000000000000010
1110001100001000
0000000000000010
1110110000010000
0000000000000111
1110010011010000
0000000000101100
1110001100000100
0000000000110000
1110101010000111
0000000000000001
1110110000010000
0000000000000011
1110001100001000
0000000000001000
1110110000010000
0000000000001001
1110010011010000
0000000000111000
1110001100000101
0000000000111100
1110101010000111
0000000000000001
1110110000010000
0000000000000100
1110001100001000
0000000000000100
1110110000010000
0000000000000100
1110010011010000
0000000001000100
1110001100000110
0000000001001000
1110101010000111
0000000000000001
1110110000010000
0000000000000101
1110001100001000
0000000001001000
1110101010000111